folds  boost       tp            fp          fn            precision           recall            f1
5        5        754.0        162.0        0.0        0.8231441048034934        1.0        0.9029940119760479
5        5        748.0        145.0        0.0        0.8376259798432251        1.0        0.9116392443631932
5        5        753.0        179.0        0.0        0.8079399141630901        1.0        0.8937685459940654
5        5        772.0        179.0        0.0        0.8117770767613038        1.0        0.8961114335461404
5        5        773.0        175.0        0.0        0.8154008438818565        1.0        0.8983149331783845

5        10        677.0        239.0        940.0        0.7390829694323144        0.4186765615337044        0.5345440189498618
5        10        690.0        203.0        963.0        0.7726763717805151        0.41742286751361163        0.5420267085624509
5        10        932.0        0.0          924.0            1.0        0.5021551724137931        0.6685796269727403
5        10        951.0        0.0        905.0            1.0        0.5123922413793104        0.6775917349483435
5        10        726.0        222.0        908.0        0.7658227848101266        0.44430844553243576        0.5623547637490317

5        20        723.0        193.0        0.0        0.7893013100436681        1.0        0.8822452715070165
5        20        748.0        145.0        0.0        0.8376259798432251        1.0        0.9116392443631932
5        20        355.0        577.0        924.0        0.38090128755364805        0.27756059421422985        0.3211216644052465
5        20        716.0        235.0        905.0        0.7528916929547844        0.4417026526835287        0.5567651632970451
5        20        948.0        0.0        908.0        1.0        0.5107758620689655        0.6761768901569186

10        5        375.0        90.0        0.0        0.8064516129032258        1.0        0.8928571428571428
10        5        366.0        85.0        0.0        0.811529933481153        1.0        0.8959608323133416
10        5        366.0        79.0        0.0        0.8224719101123595        1.0        0.902589395807645
10        5        382.0        66.0        0.0        0.8526785714285714        1.0        0.9204819277108433
10        5        381.0        80.0        0.0        0.8264642082429501        1.0        0.9049881235154393
10        5        388.0        83.0        0.0        0.8237791932059448        1.0        0.9033760186263096
10        5        398.0        82.0        0.0        0.8291666666666667        1.0        0.9066059225512529
10        5        374.0        97.0        0.0        0.7940552016985138        1.0        0.885207100591716
10        5        397.0        84.0        0.0        0.8253638253638254        1.0        0.9043280182232346
10        5        376.0        91.0        0.0        0.8051391862955032        1.0        0.8920521945432976

20        5        191.0        52.0        0.0        0.7860082304526749        1.0        0.880184331797235
20        5        185.0        37.0        0.0        0.8333333333333334        1.0        0.9090909090909091
20        5        179.0        40.0        0.0        0.817351598173516        1.0        0.8994974874371858
20        5        173.0        59.0        0.0        0.7456896551724138        1.0        0.8543209876543211
20        5        179.0        39.0        0.0        0.8211009174311926        1.0        0.9017632241813601
20        5        187.0        40.0        0.0        0.8237885462555066        1.0        0.9033816425120773
20        5        192.0        36.0        0.0        0.8421052631578947        1.0        0.9142857142857143
20        5        190.0        30.0        0.0        0.8636363636363636        1.0        0.9268292682926829
20        5        198.0        31.0        0.0        0.8646288209606987        1.0        0.927400468384075
20        5        182.0        50.0        0.0        0.7844827586206896        1.0        0.8792270531400966
20        5        193.0        42.0        0.0        0.8212765957446808        1.0        0.9018691588785047
20        5        195.0        41.0        0.0        0.826271186440678        1.0        0.9048723897911832
20        5        197.0        44.0        0.0        0.8174273858921162        1.0        0.8995433789954337
20        5        201.0        38.0        0.0        0.8410041841004184        1.0        0.9136363636363637
20        5        187.0        40.0        0.0        0.8237885462555066        1.0        0.9033816425120773
20        5        199.0        45.0        0.0        0.8155737704918032        1.0        0.8984198645598194
20        5        191.0        43.0        0.0        0.8162393162393162        1.0        0.8988235294117646
20        5        206.0        41.0        0.0        0.8340080971659919        1.0        0.9094922737306844
20        5        191.0        46.0        0.0        0.8059071729957806        1.0        0.8925233644859814
20        5        177.0        53.0        0.0        0.7695652173913043        1.0        0.8697788697788699

5        1        754.0        162.0        0.0        0.8231441048034934        1.0        0.9029940119760479
5        1        748.0        145.0        0.0        0.8376259798432251        1.0        0.9116392443631932
5        1        767.0        165.0        0.0        0.822961373390558        1.0        0.9028840494408475
5        1        801.0        150.0        0.0        0.8422712933753943        1.0        0.9143835616438356
5        1        783.0        165.0        0.0        0.8259493670886076        1.0        0.9046793760831889

10        30        308.0        157.0        123.0        0.6623655913978495        0.7146171693735499        0.6875
10        30        224.0        227.0        477.0        0.49667405764966743        0.3195435092724679        0.38888888888888884
10        30        194.0        251.0        483.0        0.43595505617977526        0.2865583456425406        0.3458110516934046
10        30        448.0        0.0        480.0        1.0        0.4827586206896552        0.6511627906976745
10        30        201.0        260.0        467.0        0.4360086767895879        0.3008982035928144        0.35606731620903453
10        30        228.0        243.0        457.0        0.4840764331210191        0.33284671532846716        0.3944636678200692
10        30        227.0        253.0        273.0        0.47291666666666665        0.454        0.463265306122449
10        30        199.0        272.0        457.0        0.42250530785562634        0.30335365853658536        0.3531499556344277
10        30        192.0        289.0        277.0        0.3991683991683992        0.4093816631130064        0.4042105263157895
10        30        127.0        340.0        0.0        0.27194860813704497        1.0        0.42760942760942755


5        5        0.0        928.0        0.0        0.0        NaN        NaN
5        5        928.0        0.0        0.0        1.0        1.0        1.0
5        5        884.0        44.0        0.0        0.9525862068965517        1.0        0.9757174392935983
5        5        928.0        0.0        0.0        1.0        1.0        1.0
5        5        806.0        122.0        0.0        0.8685344827586207        1.0        0.9296424452133794

5        10        592.0        336.0        328.0        0.6379310344827587        0.6434782608695652        0.6406926406926406
5        10        605.0        323.0        0.0        0.6519396551724138        1.0        0.7893020221787346
5        10        396.0        532.0        928.0        0.4267241379310345        0.2990936555891239        0.35168738898756663
5        10        518.0        410.0        0.0        0.5581896551724138        1.0        0.7164591977869986
5        10        742.0        186.0        928.0        0.7995689655172413        0.444311377245509        0.5712086220169361

5        20        478.0        450.0        414.0        0.5150862068965517        0.5358744394618834        0.5252747252747252
5        20        605.0        323.0        0.0        0.6519396551724138        1.0        0.7893020221787346
5        20        396.0        532.0        928.0        0.4267241379310345        0.2990936555891239        0.35168738898756663
5        20        445.0        483.0        0.0        0.4795258620689655        1.0        0.6482155863073561
5        20        742.0        186.0        928.0        0.7995689655172413        0.444311377245509        0.5712086220169361

10        5        0.0        464.0        0.0        0.0        NaN        NaN
10        5        464.0        0.0        0.0        1.0        1.0        1.0
10        5        464.0        0.0        0.0        1.0        1.0        1.0
10        5        464.0        0.0        0.0        1.0        1.0        1.0
10        5        447.0        17.0        0.0        0.9633620689655172        1.0        0.981339187705818
10        5        353.0        111.0        0.0        0.7607758620689655        1.0        0.8641370869033047
10        5        464.0        0.0        0.0        1.0        1.0        1.0
10        5        464.0        0.0        0.0        1.0        1.0        1.0
10        5        342.0        122.0        0.0        0.7370689655172413        1.0        0.8486352357320098
10        5        464.0        0.0        0.0        1.0        1.0        1.0

20        5        0.0        232.0        0.0        0.0        NaN        NaN
20        5        224.0        8.0        0.0        0.9655172413793104        1.0        0.9824561403508772
20        5        232.0        0.0        0.0        1.0        1.0        1.0
20        5        232.0        0.0        0.0        1.0        1.0        1.0
20        5        232.0        0.0        0.0        1.0        1.0        1.0
20        5        232.0        0.0        0.0        1.0        1.0        1.0
20        5        232.0        0.0        0.0        1.0        1.0        1.0
20        5        232.0        0.0        0.0        1.0        1.0        1.0
20        5        221.0        11.0        0.0        0.9525862068965517        1.0        0.9757174392935983
20        5        226.0        6.0        0.0        0.9741379310344828        1.0        0.9868995633187774
20        5        225.0        7.0        0.0        0.9698275862068966        1.0        0.9846827133479212
20        5        232.0        0.0        0.0        1.0        1.0        1.0
20        5        232.0        0.0        0.0        1.0        1.0        1.0
20        5        232.0        0.0        0.0        1.0        1.0        1.0
20        5        232.0        0.0        0.0        1.0        1.0        1.0
20        5        232.0        0.0        0.0        1.0        1.0        1.0
20        5        110.0        122.0        0.0        0.47413793103448276        1.0        0.6432748538011697
20        5        232.0        0.0        0.0        1.0        1.0        1.0
20        5        232.0        0.0        0.0        1.0        1.0        1.0
20        5        232.0        0.0        0.0        1.0        1.0        1.0

5        1        468.0        460.0        0.0        0.5043103448275862        1.0        0.670487106017192
5        1        820.0        108.0        0.0        0.8836206896551724        1.0        0.9382151029748284
5        1        404.0        524.0        0.0        0.4353448275862069        1.0        0.6066066066066066
5        1        845.0        83.0        0.0        0.9105603448275862        1.0        0.9531866892272984
5        1        836.0        92.0        0.0        0.9008620689655172        1.0        0.9478458049886621


5        5        0.0        928.0        0.0        0.0        NaN        NaN
5        5        928.0        0.0        0.0        1.0        1.0        1.0
5        5        884.0        44.0        0.0        0.9525862068965517        1.0        0.9757174392935983
5        5        928.0        0.0        0.0        1.0        1.0        1.0
5        5        806.0        122.0        0.0        0.8685344827586207        1.0        0.9296424452133794

5        10        504.0        424.0        328.0        0.5431034482758621        0.6057692307692307        0.5727272727272728
5        10        605.0        323.0        0.0        0.6519396551724138        1.0        0.7893020221787346
5        10        396.0        532.0        928.0        0.4267241379310345        0.2990936555891239        0.35168738898756663
5        10        777.0        151.0        928.0        0.8372844827586207        0.45571847507331376        0.5902012913026965

5        5        767.0        147.0        0.0        0.8391684901531729        1.0        0.9125520523497919
5        5        754.0        191.0        0.0        0.7978835978835979        1.0        0.8875809299587993
5        5        759.0        179.0        0.0        0.8091684434968017        1.0        0.8945197407189158
5        5        743.0        162.0        0.0        0.8209944751381215        1.0        0.9016990291262137
5        5        757.0        181.0        0.0        0.8070362473347548        1.0        0.8932153392330383

5        10        914.0        0.0        942.0        1.0        0.49245689655172414        0.6599277978339351
5        10        720.0        225.0        911.0        0.7619047619047619        0.4414469650521153        0.5590062111801243
5        10        711.0        227.0        918.0        0.7579957356076759        0.43646408839779005        0.5539540319439034
5        10        670.0        235.0        951.0        0.7403314917127072        0.4133251079580506        0.5304829770387965
5        10        709.0        229.0        918.0        0.755863539445629        0.43577135832821146        0.5528265107212477

5        20        767.0        147.0        0.0        0.8391684901531729        1.0        0.9125520523497919
5        20        945.0        0.0        911.0        1.0        0.5091594827586207        0.6747590146376293
5        20        938.0        0.0        918.0        1.0        0.5053879310344828        0.6714387974230493
5        20        743.0        162.0        0.0        0.8209944751381215        1.0        0.9016990291262137
5        20        407.0        531.0        918.0        0.43390191897654584        0.3071698113207547        0.3596995139195758

10        5        375.0        72.0        0.0        0.8389261744966443        1.0        0.9124087591240875
10        5        381.0        86.0        0.0        0.815845824411135        1.0        0.8985849056603773
10        5        373.0        97.0        0.0        0.7936170212765957        1.0        0.8849347568208779
10        5        381.0        94.0        0.0        0.8021052631578948        1.0        0.8901869158878505
10        5        403.0        84.0        0.0        0.8275154004106776        1.0        0.90561797752809
10        5        374.0        77.0        0.0        0.8292682926829268        1.0        0.9066666666666666
10        5        387.0        76.0        0.0        0.8358531317494601        1.0        0.9105882352941177
10        5        356.0        86.0        0.0        0.8054298642533937        1.0        0.8922305764411027
10        5        369.0        87.0        0.0        0.8092105263157895        1.0        0.8945454545454545
10        5        392.0        90.0        0.0        0.8132780082987552        1.0        0.8970251716247138

20        5        173.0        38.0        0.0        0.8199052132701422        1.0        0.9010416666666667
20        5        197.0        39.0        0.0        0.8347457627118644        1.0        0.9099307159353348
20        5        177.0        39.0        0.0        0.8194444444444444        1.0        0.9007633587786258
20        5        207.0        44.0        0.0        0.8247011952191236        1.0        0.9039301310043668
20        5        187.0        52.0        0.0        0.7824267782426778        1.0        0.8779342723004694
20        5        191.0        40.0        0.0        0.8268398268398268        1.0        0.9052132701421802
20        5        186.0        47.0        0.0        0.7982832618025751        1.0        0.8878281622911693
20        5        195.0        47.0        0.0        0.8057851239669421        1.0        0.8924485125858124
20        5        200.0        49.0        0.0        0.8032128514056225        1.0        0.8908685968819599
20        5        203.0        35.0        0.0        0.8529411764705882        1.0        0.9206349206349206
20        5        183.0        39.0        0.0        0.8243243243243243        1.0        0.9037037037037037
20        5        191.0        38.0        0.0        0.834061135371179        1.0        0.9095238095238094
20        5        186.0        35.0        0.0        0.8416289592760181        1.0        0.9140049140049139
20        5        195.0        47.0        0.0        0.8057851239669421        1.0        0.8924485125858124
20        5        177.0        42.0        0.0        0.8082191780821918        1.0        0.8939393939393938
20        5        179.0        44.0        0.0        0.8026905829596412        1.0        0.8905472636815921
20        5        184.0        33.0        0.0        0.847926267281106        1.0        0.9177057356608479
20        5        197.0        42.0        0.0        0.8242677824267782        1.0        0.9036697247706422
20        5        197.0        55.0        0.0        0.7817460317460317        1.0        0.8775055679287306
20        5        191.0        39.0        0.0        0.8304347826086956        1.0        0.9073634204275535

5        1        767.0        147.0        0.0        0.8391684901531729        1.0        0.9125520523497919
5        1        801.0        144.0        0.0        0.8476190476190476        1.0        0.9175257731958762
5        1        770.0        168.0        0.0        0.8208955223880597        1.0        0.9016393442622952
5        1        743.0        162.0        0.0        0.8209944751381215        1.0        0.9016990291262137
5        1        772.0        166.0        0.0        0.8230277185501066        1.0        0.9029239766081872

10        30        200.0        247.0        481.0        0.44742729306487694        0.2936857562408223        0.3546099290780142
10        30        230.0        237.0        207.0        0.4925053533190578        0.5263157894736842        0.5088495575221238
10        30        267.0        203.0        160.0        0.5680851063829787        0.6252927400468384        0.5953177257525084
10        30        200.0        275.0        303.0        0.42105263157894735        0.3976143141153082        0.40899795501022496
10        30        198.0        289.0        274.0        0.406570841889117        0.4194915254237288        0.4129301355578727
10        30        202.0        249.0        477.0        0.44789356984478934        0.2974963181148748        0.3575221238938053
10        30        463.0        0.0        465.0        1.0        0.4989224137931034        0.6657081236520488
10        30        214.0        228.0        486.0        0.4841628959276018        0.3057142857142857        0.37478108581436076
10        30        210.0        246.0        472.0        0.4605263157894737        0.30791788856304986        0.36906854130052724
10        30        245.0        237.0        203.0        0.508298755186722        0.546875        0.5268817204301075


5        1        749.0        143.0        0.0        0.8396860986547086        1.0        0.9128580134064594
5        1        749.0        177.0        0.0        0.8088552915766739        1.0        0.8943283582089553
5        1        792.0        159.0        0.0        0.832807570977918        1.0        0.9087779690189329
5        1        784.0        169.0        0.0        0.8226652675760755        1.0        0.9027058146229131
5        1        779.0        139.0        0.0        0.8485838779956427        1.0        0.9180907483794932

5        5        841.0        51.0        0.0        0.9428251121076233        1.0        0.9705712637045586
5        5        865.0        61.0        0.0        0.9341252699784017        1.0        0.9659408151870462
5        5        792.0        159.0        0.0        0.832807570977918        1.0        0.9087779690189329
5        5        784.0        169.0        0.0        0.8226652675760755        1.0        0.9027058146229131
5        5        864.0        54.0        0.0        0.9411764705882353        1.0        0.9696969696969697

5        10        841.0        51.0        0.0        0.9428251121076233        1.0        0.9705712637045586
5        10        865.0        61.0        0.0        0.9341252699784017        1.0        0.9659408151870462
5        10        792.0        159.0        0.0        0.832807570977918        1.0        0.9087779690189329
5        10        784.0        169.0        0.0        0.8226652675760755        1.0        0.9027058146229131
5        10        864.0        54.0        0.0        0.9411764705882353        1.0        0.9696969696969697

5        20        841.0        51.0        0.0        0.9428251121076233        1.0        0.9705712637045586
5        20        865.0        61.0        0.0        0.9341252699784017        1.0        0.9659408151870462
5        20        731.0        220.0        0.0        0.768664563617245        1.0        0.8692033293697977
5        20        729.0        224.0        0.0        0.7649527806925498        1.0        0.8668252080856124
5        20        864.0        54.0        0.0        0.9411764705882353        1.0        0.9696969696969697

5        30        841.0        51.0        0.0        0.9428251121076233        1.0        0.9705712637045586
5        30        865.0        61.0        0.0        0.9341252699784017        1.0        0.9659408151870462
5        30        731.0        220.0        0.0        0.768664563617245        1.0        0.8692033293697977
5        30        729.0        224.0        0.0        0.7649527806925498        1.0        0.8668252080856124
5        30        864.0        54.0        0.0        0.9411764705882353        1.0        0.9696969696969697

10        5        435.0        15.0        0.0        0.9666666666666667        1.0        0.9830508474576272
10        5        406.0        36.0        0.0        0.918552036199095        1.0        0.9575471698113207
10        5        388.0        87.0        0.0        0.8168421052631579        1.0        0.899188876013905
10        5        418.0        33.0        0.0        0.926829268292683        1.0        0.9620253164556962
10        5        405.0        79.0        0.0        0.8367768595041323        1.0        0.9111361079865018
10        5        387.0        80.0        0.0        0.828693790149893        1.0        0.9063231850117096
10        5        394.0        84.0        0.0        0.8242677824267782        1.0        0.9036697247706422
10        5        390.0        85.0        0.0        0.8210526315789474        1.0        0.9017341040462428
10        5        430.0        24.0        0.0        0.947136563876652        1.0        0.9728506787330315
10        5        397.0        67.0        0.0        0.8556034482758621        1.0        0.9221835075493612

20        5        222.0        6.0        0.0        0.9736842105263158        1.0        0.9866666666666666
20        5        213.0        9.0        0.0        0.9594594594594594        1.0        0.9793103448275863
20        5        195.0        39.0        0.0        0.8333333333333334        1.0        0.9090909090909091
20        5        188.0        20.0        0.0        0.9038461538461539        1.0        0.9494949494949494
20        5        195.0        39.0        0.0        0.8333333333333334        1.0        0.9090909090909091
20        5        193.0        48.0        0.0        0.8008298755186722        1.0        0.8894009216589862
20        5        214.0        16.0        0.0        0.9304347826086956        1.0        0.963963963963964
20        5        204.0        17.0        0.0        0.9230769230769231        1.0        0.9600000000000002
20        5        207.0        33.0        0.0        0.8625        1.0        0.9261744966442954
20        5        198.0        46.0        0.0        0.8114754098360656        1.0        0.8959276018099548
20        5        220.0        11.0        0.0        0.9523809523809523        1.0        0.9756097560975611
20        5        199.0        37.0        0.0        0.8432203389830508        1.0        0.9149425287356321
20        5        192.0        51.0        0.0        0.7901234567901234        1.0        0.8827586206896552
20        5        202.0        33.0        0.0        0.8595744680851064        1.0        0.9244851258581237
20        5        195.0        44.0        0.0        0.8158995815899581        1.0        0.8986175115207373
20        5        195.0        41.0        0.0        0.826271186440678        1.0        0.9048723897911832
20        5        211.0        12.0        0.0        0.9461883408071748        1.0        0.9723502304147464
20        5        219.0        12.0        0.0        0.948051948051948        1.0        0.9733333333333333
20        5        198.0        34.0        0.0        0.853448275862069        1.0        0.9209302325581395
20        5        199.0        33.0        0.0        0.8577586206896551        1.0        0.923433874709977


5        1        403.0        528.0        209.0        0.43286788399570353        0.6584967320261438        0.5223590408295529
5        1        292.0        624.0        112.0        0.31877729257641924        0.7227722772277227        0.4424242424242425
5        1        356.0        571.0        166.0        0.38403451995685006        0.6819923371647509        0.49137336093857836
5        1        419.0        515.0        209.0        0.4486081370449679        0.6671974522292994        0.5364916773367477
5        1        298.0        634.0        107.0        0.3197424892703863        0.7358024691358025        0.4457741211667913

5        5        378.0        553.0        74.0        0.40601503759398494        0.8362831858407079        0.5466377440347071
5        5        446.0        470.0        156.0        0.4868995633187773        0.7408637873754153        0.5876152832674572
5        5        465.0        462.0        153.0        0.5016181229773463        0.7524271844660194        0.6019417475728156
5        5        445.0        489.0        145.0        0.47644539614561027        0.7542372881355932        0.583989501312336
5        5        407.0        525.0        98.0        0.4366952789699571        0.805940594059406        0.5664578983994433

5        10        476.0        455.0        134.0        0.5112781954887218        0.780327868852459        0.6177806619078521
5        10        485.0        431.0        138.0        0.5294759825327511        0.7784911717495987        0.6302794022092267
5        10        463.0        464.0        119.0        0.4994606256742179        0.7955326460481099        0.6136514247846255
5        10        480.0        454.0        137.0        0.5139186295503212        0.7779578606158833        0.6189555125725338
5        10        398.0        534.0        99.0        0.4270386266094421        0.8008048289738431        0.5570328901329602

5        20        380.0        551.0        85.0        0.40816326530612246        0.8172043010752689        0.5444126074498569
5        20        473.0        443.0        136.0        0.5163755458515283        0.7766830870279147        0.6203278688524589
5        20        460.0        467.0        129.0        0.4962243797195254        0.7809847198641766        0.6068601583113457
5        20        420.0        514.0        96.0        0.44967880085653106        0.813953488372093        0.5793103448275861
5        20        400.0        532.0        78.0        0.4291845493562232        0.8368200836820083        0.5673758865248226

5        30        414.0        517.0        96.0        0.4446831364124597        0.8117647058823529        0.5746009715475364
5        30        475.0        441.0        129.0        0.5185589519650655        0.7864238410596026        0.625
5        30        456.0        471.0        132.0        0.4919093851132686        0.7755102040816326        0.601980198019802
5        30        383.0        551.0        94.0        0.4100642398286938        0.8029350104821803        0.5428773919206237
5        30        414.0        518.0        84.0        0.44420600858369097        0.8313253012048193        0.5790209790209789

10        5        215.0        257.0        53.0        0.4555084745762712        0.8022388059701493        0.5810810810810811
10        5        236.0        223.0        83.0        0.514161220043573        0.7398119122257053        0.6066838046272495
10        5        219.0        246.0        75.0        0.47096774193548385        0.7448979591836735        0.5770750988142292
10        5        227.0        224.0        77.0        0.5033259423503326        0.7467105263157895        0.6013245033112582
10        5        164.0        300.0        30.0        0.35344827586206895        0.845360824742268        0.4984802431610942
10        5        245.0        218.0        68.0        0.5291576673866091        0.7827476038338658        0.6314432989690723
10        5        217.0        244.0        76.0        0.47071583514099785        0.7406143344709898        0.5755968169761273
10        5        186.0        287.0        41.0        0.39323467230443976        0.8193832599118943        0.5314285714285714
10        5        193.0        274.0        55.0        0.4132762312633833        0.7782258064516129        0.5398601398601399
10        5        225.0        240.0        53.0        0.4838709677419355        0.8093525179856115        0.6056527590847914

20        5        93.0        142.0        33.0        0.39574468085106385        0.7380952380952381        0.5152354570637119
20        5        96.0        141.0        23.0        0.4050632911392405        0.8067226890756303        0.5393258426966293
20        5        103.0        125.0        30.0        0.4517543859649123        0.7744360902255639        0.5706371191135734
20        5        114.0        117.0        48.0        0.4935064935064935        0.7037037037037037        0.5801526717557253
20        5        103.0        121.0        42.0        0.45982142857142855        0.7103448275862069        0.5582655826558266
20        5        101.0        140.0        23.0        0.4190871369294606        0.8145161290322581        0.5534246575342466
20        5        109.0        109.0        50.0        0.5        0.6855345911949685        0.5782493368700264
20        5        99.0        134.0        21.0        0.4248927038626609        0.825        0.5609065155807366
20        5        105.0        117.0        39.0        0.47297297297297297        0.7291666666666666        0.5737704918032787
20        5        95.0        147.0        19.0        0.3925619834710744        0.8333333333333334        0.5337078651685393
20        5        96.0        136.0        12.0        0.41379310344827586        0.8888888888888888        0.5647058823529412
20        5        115.0        116.0        39.0        0.49783549783549785        0.7467532467532467        0.5974025974025975
20        5        115.0        111.0        37.0        0.5088495575221239        0.756578947368421        0.6084656084656085
20        5        93.0        142.0        33.0        0.39574468085106385        0.7380952380952381        0.5152354570637119
20        5        96.0        139.0        18.0        0.4085106382978723        0.8421052631578947        0.5501432664756446
20        5        90.0        148.0        23.0        0.37815126050420167        0.7964601769911505        0.5128205128205129
20        5        96.0        144.0        16.0        0.4        0.8571428571428571        0.5454545454545454
20        5        119.0        108.0        48.0        0.5242290748898678        0.7125748502994012        0.6040609137055837
20        5        125.0        117.0        27.0        0.5165289256198347        0.8223684210526315        0.6345177664974619
20        5        100.0        123.0        26.0        0.4484304932735426        0.7936507936507936        0.5730659025787965


5        1        786.0        167.0        0.0        0.8247639034627492        1.0        0.9039677975848189
5        1        785.0        155.0        0.0        0.8351063829787234        1.0        0.910144927536232
5        1        741.0        148.0        0.0        0.8335208098987626        1.0        0.90920245398773
5        1        764.0        158.0        0.0        0.8286334056399133        1.0        0.9062870699881376
5        1        777.0        159.0        0.0        0.8301282051282052        1.0        0.9071803852889666

5        5        786.0        167.0        0.0        0.8247639034627492        1.0        0.9039677975848189
5        5        785.0        155.0        0.0        0.8351063829787234        1.0        0.910144927536232
5        5        825.0        64.0        0.0        0.9280089988751407        1.0        0.9626604434072347
5        5        871.0        51.0        0.0        0.9446854663774403        1.0        0.9715560513106525
5        5        777.0        159.0        0.0        0.8301282051282052        1.0        0.9071803852889666

5        10        786.0        167.0        0.0        0.8247639034627492        1.0        0.9039677975848189
5        10        785.0        155.0        0.0        0.8351063829787234        1.0        0.910144927536232
5        10        825.0        64.0        0.0        0.9280089988751407        1.0        0.9626604434072347
5        10        871.0        51.0        0.0        0.9446854663774403        1.0        0.9715560513106525
5        10        777.0        159.0        0.0        0.8301282051282052        1.0        0.9071803852889666

5        20        744.0        209.0        0.0        0.7806925498426023        1.0        0.8768414849734825
5        20        726.0        214.0        0.0        0.7723404255319148        1.0        0.8715486194477792
5        20        825.0        64.0        0.0        0.9280089988751407        1.0        0.9626604434072347
5        20        871.0        51.0        0.0        0.9446854663774403        1.0        0.9715560513106525
5        20        777.0        159.0        0.0        0.8301282051282052        1.0        0.9071803852889666

5        30        731.0        222.0        0.0        0.7670514165792235        1.0        0.8681710213776722
5        30        726.0        214.0        0.0        0.7723404255319148        1.0        0.8715486194477792
5        30        825.0        64.0        0.0        0.9280089988751407        1.0        0.9626604434072347
5        30        871.0        51.0        0.0        0.9446854663774403        1.0        0.9715560513106525
5        30        757.0        179.0        0.0        0.8087606837606838        1.0        0.8942705256940344

10        5        393.0        76.0        0.0        0.837953091684435        1.0        0.9118329466357308
10        5        393.0        91.0        0.0        0.8119834710743802        1.0        0.8962371721778791
10        5        437.0        22.0        0.0        0.9520697167755992        1.0        0.9754464285714285
10        5        406.0        75.0        0.0        0.8440748440748441        1.0        0.915445321307779
10        5        391.0        78.0        0.0        0.8336886993603412        1.0        0.9093023255813953
10        5        389.0        31.0        0.0        0.9261904761904762        1.0        0.9616810877626699
10        5        394.0        70.0        0.0        0.8491379310344828        1.0        0.9184149184149184
10        5        428.0        30.0        0.0        0.9344978165938864        1.0        0.9661399548532731
10        5        435.0        27.0        0.0        0.9415584415584416        1.0        0.9698996655518395
10        5        400.0        74.0        0.0        0.8438818565400844        1.0        0.9153318077803203

20        5        196.0        37.0        0.0        0.8412017167381974        1.0        0.9137529137529139
20        5        197.0        39.0        0.0        0.8347457627118644        1.0        0.9099307159353348
20        5        200.0        41.0        0.0        0.8298755186721992        1.0        0.9070294784580498
20        5        193.0        50.0        0.0        0.7942386831275721        1.0        0.8853211009174312
20        5        194.0        42.0        0.0        0.8220338983050848        1.0        0.9023255813953488
20        5        214.0        9.0        0.0        0.9596412556053812        1.0        0.9794050343249426
20        5        210.0        28.0        0.0        0.8823529411764706        1.0        0.9375
20        5        196.0        47.0        0.0        0.8065843621399177        1.0        0.8929384965831435
20        5        204.0        39.0        0.0        0.8395061728395061        1.0        0.9127516778523489
20        5        208.0        18.0        0.0        0.9203539823008849        1.0        0.9585253456221198
20        5        195.0        17.0        0.0        0.9198113207547169        1.0        0.9582309582309582
20        5        194.0        14.0        0.0        0.9326923076923077        1.0        0.965174129353234
20        5        201.0        38.0        0.0        0.8410041841004184        1.0        0.9136363636363637
20        5        213.0        12.0        0.0        0.9466666666666667        1.0        0.9726027397260274
20        5        186.0        48.0        0.0        0.7948717948717948        1.0        0.8857142857142858
20        5        209.0        15.0        0.0        0.9330357142857143        1.0        0.9653579676674363
20        5        187.0        47.0        0.0        0.7991452991452992        1.0        0.8883610451306415
20        5        214.0        14.0        0.0        0.9385964912280702        1.0        0.9683257918552036
20        5        199.0        33.0        0.0        0.8577586206896551        1.0        0.923433874709977
20        5        201.0        41.0        0.0        0.8305785123966942        1.0        0.9074492099322798


5        1        306.0        627.0        110.0        0.3279742765273312        0.7355769230769231        0.45366938472942925
5        1        303.0        620.0        108.0        0.3282773564463705        0.7372262773722628        0.45427286356821583
5        1        322.0        576.0        120.0        0.3585746102449889        0.7285067873303167        0.4805970149253731
5        1        289.0        657.0        95.0        0.3054968287526427        0.7526041666666666        0.4345864661654135
5        1        296.0        644.0        79.0        0.3148936170212766        0.7893333333333333        0.45019011406844106

5        5        450.0        483.0        150.0        0.48231511254019294        0.75        0.5870841487279844
5        5        480.0        443.0        162.0        0.5200433369447454        0.7476635514018691        0.6134185303514377
5        5        471.0        427.0        174.0        0.5244988864142539        0.7302325581395349        0.61049902786779
5        5        368.0        578.0        101.0        0.3890063424947146        0.7846481876332623        0.5201413427561837
5        5        364.0        576.0        77.0        0.3872340425531915        0.8253968253968254        0.5271542360608255

5        10        373.0        560.0        97.0        0.39978563772775993        0.7936170212765957        0.5317177476835353
5        10        449.0        474.0        152.0        0.48645720476706394        0.7470881863560732        0.589238845144357
5        10        465.0        433.0        145.0        0.5178173719376392        0.7622950819672131        0.616710875331565
5        10        488.0        458.0        125.0        0.5158562367864693        0.7960848287112561        0.6260423348300191
5        10        457.0        483.0        149.0        0.48617021276595745        0.7541254125412541        0.5912031047865459

5        20        441.0        492.0        128.0        0.47266881028938906        0.7750439367311072        0.5872170439414114
5        20        437.0        486.0        143.0        0.4734561213434453        0.753448275862069        0.5815036593479707
5        20        454.0        444.0        136.0        0.5055679287305123        0.7694915254237288        0.6102150537634409
5        20        482.0        464.0        121.0        0.5095137420718816        0.7993366500829188        0.6223369916074887
5        20        389.0        551.0        100.0        0.41382978723404257        0.7955010224948875        0.5444366689993002

5        30        475.0        458.0        133.0        0.5091103965702036        0.78125        0.6164828033744321
5        30        459.0        464.0        148.0        0.49729144095341277        0.7561779242174629        0.5999999999999999
5        30        488.0        410.0        132.0        0.5434298440979956        0.7870967741935484        0.6429512516469038
5        30        460.0        486.0        110.0        0.48625792811839325        0.8070175438596491        0.6068601583113457
5        30        453.0        487.0        115.0        0.4819148936170213        0.7975352112676056        0.6007957559681697

10        5        212.0        260.0        61.0        0.4491525423728814        0.7765567765567766        0.5691275167785235
10        5        241.0        220.0        73.0        0.5227765726681128        0.767515923566879        0.6219354838709678
10        5        223.0        239.0        69.0        0.48268398268398266        0.7636986301369864        0.5915119363395225
10        5        196.0        265.0        71.0        0.42516268980477223        0.7340823970037453        0.5384615384615384
10        5        238.0        221.0        74.0        0.5185185185185185        0.7628205128205128        0.6173800259403373
10        5        229.0        210.0        95.0        0.5216400911161732        0.7067901234567902        0.6002621231979031
10        5        221.0        252.0        48.0        0.46723044397463004        0.8215613382899628        0.5956873315363881
10        5        191.0        282.0        59.0        0.40380549682875266        0.764        0.5283540802213001
10        5        174.0        272.0        61.0        0.3901345291479821        0.7404255319148936        0.5110132158590308
10        5        244.0        250.0        57.0        0.4939271255060729        0.8106312292358804        0.6138364779874214

20        5        98.0        136.0        35.0        0.4188034188034188        0.7368421052631579        0.5340599455040872
20        5        110.0        128.0        36.0        0.46218487394957986        0.7534246575342466        0.5729166666666667
20        5        134.0        102.0        27.0        0.5677966101694916        0.8322981366459627        0.6750629722921914
20        5        94.0        131.0        31.0        0.4177777777777778        0.752        0.5371428571428573
20        5        105.0        124.0        35.0        0.4585152838427948        0.75        0.5691056910569106
20        5        123.0        110.0        37.0        0.5278969957081545        0.76875        0.6259541984732824
20        5        125.0        109.0        42.0        0.5341880341880342        0.7485029940119761        0.6234413965087281
20        5        101.0        126.0        40.0        0.44493392070484583        0.7163120567375887        0.5489130434782609
20        5        115.0        115.0        22.0        0.5        0.8394160583941606        0.6267029972752044
20        5        111.0        118.0        37.0        0.4847161572052402        0.75        0.5888594164456235
20        5        109.0        107.0        38.0        0.5046296296296297        0.7414965986394558        0.6005509641873279
20        5        112.0        111.0        26.0        0.5022421524663677        0.8115942028985508        0.6204986149584488
20        5        91.0        145.0        17.0        0.3855932203389831        0.8425925925925926        0.5290697674418605
20        5        116.0        121.0        25.0        0.48945147679324896        0.8226950354609929        0.6137566137566137
20        5        109.0        116.0        38.0        0.48444444444444446        0.7414965986394558        0.5860215053763441
20        5        120.0        128.0        33.0        0.4838709677419355        0.7843137254901961        0.5985037406483791
20        5        111.0        119.0        30.0        0.4826086956521739        0.7872340425531915        0.5983827493261455
20        5        92.0        124.0        36.0        0.42592592592592593        0.71875        0.5348837209302326
20        5        123.0        124.0        28.0        0.4979757085020243        0.8145695364238411        0.6180904522613065
20        5        116.0        131.0        29.0        0.46963562753036436        0.8        0.5918367346938775


5        1        316.0        651.0        70.0        0.3267838676318511        0.8186528497409327        0.467110125646711
5        1        300.0        623.0        71.0        0.3250270855904659        0.8086253369272237        0.46367851622874806
5        1        302.0        618.0        111.0        0.3282608695652174        0.7312348668280871        0.4531132783195799
5        1        308.0        618.0        76.0        0.3326133909287257        0.8020833333333334        0.4702290076335878
5        1        277.0        627.0        120.0        0.3064159292035398        0.6977329974811083        0.425826287471176

5        5        522.0        445.0        142.0        0.5398138572905895        0.786144578313253        0.6400980993255672
5        5        482.0        441.0        144.0        0.5222101841820151        0.7699680511182109        0.6223369916074887
5        5        435.0        485.0        151.0        0.47282608695652173        0.742320819112628        0.5776892430278884
5        5        403.0        523.0        116.0        0.4352051835853132        0.7764932562620424        0.5577854671280277
5        5        451.0        453.0        177.0        0.49889380530973454        0.7181528662420382        0.5887728459530027

5        10        435.0        532.0        85.0        0.4498448810754912        0.8365384615384616        0.5850706119704102
5        10        459.0        464.0        118.0        0.49729144095341277        0.7954939341421143        0.6119999999999999
5        10        471.0        449.0        163.0        0.5119565217391304        0.7429022082018928        0.6061776061776062
5        10        489.0        437.0        153.0        0.5280777537796977        0.7616822429906542        0.6237244897959184
5        10        464.0        440.0        180.0        0.5132743362831859        0.7204968944099379        0.599483204134367

5        20        514.0        453.0        136.0        0.531540847983454        0.7907692307692308        0.6357452071737787
5        20        465.0        458.0        105.0        0.5037919826652221        0.8157894736842105        0.622906898861353
5        20        459.0        461.0        131.0        0.4989130434782609        0.7779661016949152        0.6079470198675496
5        20        459.0        467.0        117.0        0.4956803455723542        0.796875        0.6111850865512649
5        20        454.0        450.0        144.0        0.5022123893805309        0.7591973244147158        0.6045272969374167

5        30        408.0        559.0        60.0        0.421923474663909        0.8717948717948718        0.5686411149825784
5        30        457.0        466.0        113.0        0.49512459371614304        0.8017543859649123        0.6121902210314804
5        30        483.0        437.0        172.0        0.525        0.7374045801526717        0.6133333333333334
5        30        468.0        458.0        123.0        0.5053995680345572        0.7918781725888325        0.6170072511535926
5        30        457.0        447.0        144.0        0.5055309734513275        0.7603993344425957        0.6073089700996678

10        5        248.0        249.0        53.0        0.49899396378269617        0.8239202657807309        0.6215538847117794
10        5        211.0        259.0        61.0        0.44893617021276594        0.7757352941176471        0.568733153638814
10        5        230.0        244.0        63.0        0.48523206751054854        0.7849829351535836        0.5997392438070404
10        5        220.0        229.0        74.0        0.48997772828507796        0.7482993197278912        0.5921938088829072
10        5        220.0        235.0        77.0        0.4835164835164835        0.7407407407407407        0.5851063829787234
10        5        216.0        249.0        60.0        0.4645161290322581        0.782608695652174        0.5829959514170041
10        5        222.0        240.0        57.0        0.4805194805194805        0.7956989247311828        0.5991902834008097
10        5        240.0        224.0        84.0        0.5172413793103449        0.7407407407407407        0.6091370558375635
10        5        215.0        242.0        79.0        0.47045951859956237        0.7312925170068028        0.5725699067909454
10        5        215.0        232.0        81.0        0.4809843400447427        0.7263513513513513        0.5787348586810229

20        5        126.0        120.0        30.0        0.5121951219512195        0.8076923076923077        0.626865671641791
20        5        111.0        140.0        13.0        0.44223107569721115        0.8951612903225806        0.5920000000000001
20        5        119.0        112.0        43.0        0.5151515151515151        0.7345679012345679        0.6055979643765904
20        5        111.0        128.0        34.0        0.46443514644351463        0.7655172413793103        0.578125
20        5        127.0        115.0        40.0        0.5247933884297521        0.7604790419161677        0.6210268948655256
20        5        89.0        143.0        14.0        0.38362068965517243        0.8640776699029126        0.5313432835820895
20        5        106.0        115.0        38.0        0.4796380090497738        0.7361111111111112        0.5808219178082191
20        5        112.0        116.0        33.0        0.49122807017543857        0.7724137931034483        0.6005361930294906
20        5        102.0        131.0        33.0        0.43776824034334766        0.7555555555555555        0.5543478260869565
20        5        119.0        103.0        38.0        0.536036036036036        0.7579617834394905        0.6279683377308707
20        5        106.0        129.0        38.0        0.451063829787234        0.7361111111111112        0.5593667546174143
20        5        110.0        120.0        39.0        0.4782608695652174        0.738255033557047        0.5804749340369393
20        5        121.0        123.0        28.0        0.4959016393442623        0.8120805369127517        0.6157760814249365
20        5        103.0        115.0        30.0        0.4724770642201835        0.7744360902255639        0.586894586894587
20        5        108.0        123.0        37.0        0.4675324675324675        0.7448275862068966        0.574468085106383
20        5        120.0        113.0        37.0        0.5150214592274678        0.7643312101910829        0.6153846153846154
20        5        104.0        120.0        45.0        0.4642857142857143        0.697986577181208        0.5576407506702412
20        5        126.0        107.0        34.0        0.5407725321888412        0.7875        0.6412213740458016
20        5        110.0        118.0        42.0        0.4824561403508772        0.7236842105263158        0.5789473684210527
20        5        106.0        113.0        41.0        0.4840182648401826        0.7210884353741497        0.5792349726775956


5        1        783.0        166.0        0.0        0.8250790305584826        1.0        0.9041570438799077
5        1        742.0        172.0        0.0        0.811816192560175        1.0        0.896135265700483
5        1        781.0        152.0        0.0        0.8370846730975349        1.0        0.911318553092182
5        1        765.0        144.0        0.0        0.8415841584158416        1.0        0.9139784946236558
5        1        782.0        153.0        0.0        0.8363636363636363        1.0        0.9108910891089109

5        5        783.0        166.0        0.0        0.8250790305584826        1.0        0.9041570438799077
5        5        851.0        63.0        0.0        0.9310722100656456        1.0        0.9643059490084985
5        5        781.0        152.0        0.0        0.8370846730975349        1.0        0.911318553092182
5        5        864.0        45.0        0.0        0.9504950495049505        1.0        0.9746192893401014
5        5        782.0        153.0        0.0        0.8363636363636363        1.0        0.9108910891089109

5        10        783.0        166.0        0.0        0.8250790305584826        1.0        0.9041570438799077
5        10        851.0        63.0        0.0        0.9310722100656456        1.0        0.9643059490084985
5        10        781.0        152.0        0.0        0.8370846730975349        1.0        0.911318553092182
5        10        864.0        45.0        0.0        0.9504950495049505        1.0        0.9746192893401014
5        10        782.0        153.0        0.0        0.8363636363636363        1.0        0.9108910891089109

5        20        729.0        220.0        0.0        0.768177028451001        1.0        0.868891537544696
5        20        851.0        63.0        0.0        0.9310722100656456        1.0        0.9643059490084985
5        20        733.0        200.0        0.0        0.7856377277599143        1.0        0.8799519807923168
5        20        864.0        45.0        0.0        0.9504950495049505        1.0        0.9746192893401014
5        20        707.0        228.0        0.0        0.7561497326203208        1.0        0.8611449451887941

5        30        729.0        220.0        0.0        0.768177028451001        1.0        0.868891537544696
5        30        851.0        63.0        0.0        0.9310722100656456        1.0        0.9643059490084985
5        30        733.0        200.0        0.0        0.7856377277599143        1.0        0.8799519807923168
5        30        864.0        45.0        0.0        0.9504950495049505        1.0        0.9746192893401014
5        30        727.0        208.0        0.0        0.7775401069518717        1.0        0.8748495788206981

10        5        391.0        91.0        0.0        0.8112033195020747        1.0        0.895761741122566
10        5        392.0        75.0        0.0        0.8394004282655246        1.0        0.9126891734575088
10        5        389.0        89.0        0.0        0.8138075313807531        1.0        0.8973471741637832
10        5        407.0        29.0        0.0        0.9334862385321101        1.0        0.9655990510083036
10        5        425.0        22.0        0.0        0.9507829977628636        1.0        0.9747706422018348
10        5        398.0        88.0        0.0        0.8189300411522634        1.0        0.9004524886877829
10        5        433.0        28.0        0.0        0.9392624728850325        1.0        0.9686800894854586
10        5        431.0        17.0        0.0        0.9620535714285714        1.0        0.9806598407281001
10        5        390.0        77.0        0.0        0.8351177730192719        1.0        0.9101516919486581
10        5        392.0        76.0        0.0        0.8376068376068376        1.0        0.9116279069767442

20        5        200.0        49.0        0.0        0.8032128514056225        1.0        0.8908685968819599
20        5        191.0        42.0        0.0        0.8197424892703863        1.0        0.9009433962264151
20        5        215.0        14.0        0.0        0.9388646288209607        1.0        0.9684684684684685
20        5        200.0        38.0        0.0        0.8403361344537815        1.0        0.9132420091324202
20        5        200.0        46.0        0.0        0.8130081300813008        1.0        0.8968609865470852
20        5        189.0        43.0        0.0        0.8146551724137931        1.0        0.8978622327790974
20        5        201.0        12.0        0.0        0.9436619718309859        1.0        0.9710144927536231
20        5        206.0        17.0        0.0        0.9237668161434978        1.0        0.9603729603729605
20        5        198.0        11.0        0.0        0.9473684210526315        1.0        0.972972972972973
20        5        203.0        35.0        0.0        0.8529411764705882        1.0        0.9206349206349206
20        5        197.0        41.0        0.0        0.8277310924369747        1.0        0.9057471264367817
20        5        201.0        47.0        0.0        0.8104838709677419        1.0        0.8953229398663697
20        5        212.0        14.0        0.0        0.9380530973451328        1.0        0.9680365296803654
20        5        198.0        37.0        0.0        0.8425531914893617        1.0        0.9145496535796767
20        5        208.0        10.0        0.0        0.9541284403669725        1.0        0.976525821596244
20        5        223.0        7.0        0.0        0.9695652173913043        1.0        0.9845474613686535
20        5        189.0        44.0        0.0        0.8111587982832618        1.0        0.8957345971563982
20        5        201.0        33.0        0.0        0.8589743589743589        1.0        0.9241379310344826
20        5        219.0        12.0        0.0        0.948051948051948        1.0        0.9733333333333333
20        5        196.0        41.0        0.0        0.8270042194092827        1.0        0.9053117782909931

